[gd_scene load_steps=19 format=3 uid="uid://7fifk6tqomsr"]

[ext_resource type="Script" path="res://Scripts/initialRoom.gd" id="1_xar1c"]
[ext_resource type="PackedScene" uid="uid://yemt84rb13g0" path="res://Scenes/player.tscn" id="2_2cx58"]
[ext_resource type="Texture2D" uid="uid://f8sjn4yqti7n" path="res://Sprites/floor2.png" id="2_srt8a"]
[ext_resource type="Texture2D" uid="uid://ba6jkwrjkq1b" path="res://Sprites/Vegetation/Tree2Background.png" id="6_j06cl"]
[ext_resource type="Texture2D" uid="uid://da61upnu41f0u" path="res://Sprites/Vegetation/Tree1Background.png" id="7_28x42"]
[ext_resource type="Texture2D" uid="uid://13v7dfcimowl" path="res://Sprites/Vegetation/rock1.png" id="7_veyk0"]
[ext_resource type="PackedScene" uid="uid://h1p4uoq5vhsg" path="res://Scenes/camera.tscn" id="7_xisfc"]
[ext_resource type="PackedScene" uid="uid://87pl0aihb3pw" path="res://Scenes/Enemies/EnemyTemplate.tscn" id="8_1gi4p"]
[ext_resource type="PackedScene" uid="uid://cyphpw537byxx" path="res://Scenes/Enemies/spawner.tscn" id="9_0s4fb"]

[sub_resource type="NavigationMesh" id="NavigationMesh_te2ct"]
vertices = PackedVector3Array(-4.33192, 0.464046, -8.07265, -4.33192, 0.464046, 8.17735, 4.41808, 0.464046, 8.17735, 4.41808, 0.464046, -8.07265)
polygons = [PackedInt32Array(3, 2, 0), PackedInt32Array(0, 2, 1)]

[sub_resource type="StandardMaterial3D" id="StandardMaterial3D_lskdr"]
transparency = 2
alpha_scissor_threshold = 0.5
alpha_antialiasing_mode = 0
diffuse_mode = 3
specular_mode = 1
albedo_texture = ExtResource("2_srt8a")

[sub_resource type="PlaneMesh" id="PlaneMesh_p6tl6"]

[sub_resource type="ConcavePolygonShape3D" id="ConcavePolygonShape3D_mk0ac"]
data = PackedVector3Array(-0.5, 0.5, 0.5, 0.5, 0.5, 0.5, -0.5, -0.5, 0.5, 0.5, 0.5, 0.5, 0.5, -0.5, 0.5, -0.5, -0.5, 0.5, 0.5, 0.5, -0.5, -0.5, 0.5, -0.5, 0.5, -0.5, -0.5, -0.5, 0.5, -0.5, -0.5, -0.5, -0.5, 0.5, -0.5, -0.5, 0.5, 0.5, 0.5, 0.5, 0.5, -0.5, 0.5, -0.5, 0.5, 0.5, 0.5, -0.5, 0.5, -0.5, -0.5, 0.5, -0.5, 0.5, -0.5, 0.5, -0.5, -0.5, 0.5, 0.5, -0.5, -0.5, -0.5, -0.5, 0.5, 0.5, -0.5, -0.5, 0.5, -0.5, -0.5, -0.5, 0.5, 0.5, 0.5, -0.5, 0.5, 0.5, 0.5, 0.5, -0.5, -0.5, 0.5, 0.5, -0.5, 0.5, -0.5, 0.5, 0.5, -0.5, -0.5, -0.5, 0.5, 0.5, -0.5, 0.5, -0.5, -0.5, -0.5, 0.5, -0.5, 0.5, 0.5, -0.5, -0.5, -0.5, -0.5, -0.5)

[sub_resource type="Environment" id="Environment_ywln1"]
background_mode = 1

[sub_resource type="BoxShape3D" id="BoxShape3D_wjxqr"]
size = Vector3(1, 4, 10)

[sub_resource type="StandardMaterial3D" id="StandardMaterial3D_3cfjl"]
blend_mode = 2
distance_fade_mode = 2

[sub_resource type="BoxShape3D" id="BoxShape3D_phgx4"]
size = Vector3(6.96921, 4.36145, 5.39941)

[sub_resource type="StandardMaterial3D" id="StandardMaterial3D_nc405"]
transparency = 2
alpha_scissor_threshold = 0.5
alpha_antialiasing_mode = 0
cull_mode = 1
specular_mode = 1
albedo_texture = ExtResource("7_28x42")
distance_fade_mode = 2
distance_fade_min_distance = 6.0

[node name="InitialRoom" type="Node3D"]
script = ExtResource("1_xar1c")

[node name="NavigationRegion3D" type="NavigationRegion3D" parent="."]
navigation_mesh = SubResource("NavigationMesh_te2ct")

[node name="Floor" type="MeshInstance3D" parent="NavigationRegion3D"]
transform = Transform3D(-3.74722e-07, 0, 4.85461, 0, 0.514113, 0, -8.57265, 0, -2.12202e-07, 0.0226865, -0.035954, 0)
material_override = SubResource("StandardMaterial3D_lskdr")
mesh = SubResource("PlaneMesh_p6tl6")
skeleton = NodePath("../..")

[node name="StaticBody3D" type="StaticBody3D" parent="NavigationRegion3D/Floor"]

[node name="CollisionShape3D" type="CollisionShape3D" parent="NavigationRegion3D/Floor/StaticBody3D"]
transform = Transform3D(16.3102, 0, 5.68434e-14, 0, 6.71674, 0, 3.41061e-13, 0, 27.3531, 0, -0.951997, 0)
shape = SubResource("ConcavePolygonShape3D_mk0ac")

[node name="player" parent="." instance=ExtResource("2_2cx58")]
process_priority = 75
transform = Transform3D(-0.724015, 0, 123.828, 0, 123.83, 0, -123.828, 0, -0.724015, 2.638, 0.014, -0.205)

[node name="WorldEnvironment" type="WorldEnvironment" parent="."]
environment = SubResource("Environment_ywln1")

[node name="DirectionalLight3D" type="DirectionalLight3D" parent="WorldEnvironment"]
transform = Transform3D(-0.224144, -0.5, 0.836516, -0.12941, 0.866025, 0.482963, -0.965926, 0, -0.258819, 13, 16, 0)
light_energy = 0.808
directional_shadow_mode = 0
directional_shadow_split_1 = 0.276
directional_shadow_max_distance = 784.3
directional_shadow_pancake_size = 9.1

[node name="Camera" parent="." instance=ExtResource("7_xisfc")]
transform = Transform3D(-4.37114e-08, -0.707107, 0.707107, 0, 0.707107, 0.707107, -1, 3.09086e-08, -3.09086e-08, 7, 8, 0)

[node name="enemigo" parent="." instance=ExtResource("8_1gi4p")]
transform = Transform3D(1, 0, 0, 0, 1, 0, 0, 0, 1, 1.58748, 0.233972, -4.12966)

[node name="BoundsColliders" type="Node3D" parent="."]

[node name="StaticBody3D" type="StaticBody3D" parent="BoundsColliders"]
transform = Transform3D(5.91273, 0, 0, 0, 5.91273, 0, 0, 0, 5.91273, 0, 0, 9)

[node name="top1" type="CollisionShape3D" parent="BoundsColliders/StaticBody3D"]
transform = Transform3D(0.169127, 0, 0, 0, 0.169127, 0, 0, 0, 0.111658, -0.872897, 0.163282, -0.617463)
shape = SubResource("BoxShape3D_wjxqr")

[node name="topbtwn" type="CollisionShape3D" parent="BoundsColliders/StaticBody3D"]
transform = Transform3D(0.169127, 0, 0, 0, 0.169127, 0, 0, 0, 0.0611771, -0.872898, 0.163282, -1.50271)
shape = SubResource("BoxShape3D_wjxqr")

[node name="top2" type="CollisionShape3D" parent="BoundsColliders/StaticBody3D"]
transform = Transform3D(0.169127, 0, 0, 0, 0.169127, 0, 0, 0, 0.111658, -0.873, 0.163, -2.399)
shape = SubResource("BoxShape3D_wjxqr")

[node name="right1" type="CollisionShape3D" parent="BoundsColliders/StaticBody3D"]
transform = Transform3D(-7.39277e-09, 0, -0.111659, 0, 0.169127, 0, 0.169127, 0, -4.88075e-09, -0.839889, 0.163282, -3.03449)
shape = SubResource("BoxShape3D_wjxqr")

[node name="rightbtwn" type="CollisionShape3D" parent="BoundsColliders/StaticBody3D"]
transform = Transform3D(-7.39277e-09, 0, -0.0611772, 0, 0.169127, 0, 0.169127, 0, -2.67414e-09, 0.0453556, 0.163282, -3.0345)
shape = SubResource("BoxShape3D_wjxqr")

[node name="right2" type="CollisionShape3D" parent="BoundsColliders/StaticBody3D"]
transform = Transform3D(-7.39277e-09, 0, -0.111659, 0, 0.169127, 0, 0.169127, 0, -4.88075e-09, 0.94165, 0.163, -3.0346)
shape = SubResource("BoxShape3D_wjxqr")

[node name="left1" type="CollisionShape3D" parent="BoundsColliders/StaticBody3D"]
transform = Transform3D(-7.39276e-09, 0, 0.111659, 0, 0.169127, 0, -0.169127, 0, -4.88075e-09, 0.937967, 0.163282, 0.0157124)
shape = SubResource("BoxShape3D_wjxqr")

[node name="leftbtwn" type="CollisionShape3D" parent="BoundsColliders/StaticBody3D"]
transform = Transform3D(-7.39276e-09, 0, 0.0611772, 0, 0.169127, 0, -0.169127, 0, -2.67414e-09, 0.0527225, 0.163282, 0.0157136)
shape = SubResource("BoxShape3D_wjxqr")

[node name="left2" type="CollisionShape3D" parent="BoundsColliders/StaticBody3D"]
transform = Transform3D(-7.39276e-09, 0, 0.111659, 0, 0.169127, 0, -0.169127, 0, -4.88075e-09, -0.843572, 0.163, 0.0158134)
shape = SubResource("BoxShape3D_wjxqr")

[node name="bot1" type="CollisionShape3D" parent="BoundsColliders/StaticBody3D"]
transform = Transform3D(0.169127, 0, 0, 0, 0.169127, 0, 0, 0, 0.111659, 0.895318, 0.163282, -0.617463)
shape = SubResource("BoxShape3D_wjxqr")

[node name="botbtwn" type="CollisionShape3D" parent="BoundsColliders/StaticBody3D"]
transform = Transform3D(0.169127, 0, 0, 0, 0.169127, 0, 0, 0, 0.0659768, 0.895, 0.163, -1.503)
shape = SubResource("BoxShape3D_wjxqr")

[node name="bot2" type="CollisionShape3D" parent="BoundsColliders/StaticBody3D"]
transform = Transform3D(0.169127, 0, 0, 0, 0.169127, 0, 0, 0, 0.111659, 0.895, 0.163, -2.399)
shape = SubResource("BoxShape3D_wjxqr")

[node name="Vegetation" type="Node3D" parent="."]

[node name="Sprite3D" type="Sprite3D" parent="Vegetation"]
transform = Transform3D(-4.37114e-08, -0.642788, -0.766044, 0, 0.766044, -0.642788, 1, -2.80971e-08, -3.34849e-08, -8.3, 2.6, 5.8)
texture = ExtResource("6_j06cl")

[node name="Sprite3D2" type="Sprite3D" parent="Vegetation"]
transform = Transform3D(-4.37114e-08, -0.642788, -0.766044, 0, 0.766044, -0.642788, 1, -2.80971e-08, -3.34849e-08, -15.7, 2.6, 2.5)
texture = ExtResource("6_j06cl")

[node name="Sprite3D3" type="Sprite3D" parent="Vegetation"]
transform = Transform3D(-4.37114e-08, -0.642788, -0.766044, 0, 0.766044, -0.642788, 1, -2.80971e-08, -3.34849e-08, -8.3, 2.6, -5.5)
texture = ExtResource("6_j06cl")

[node name="Sprite3D4" type="Sprite3D" parent="Vegetation"]
transform = Transform3D(-4.37114e-08, -0.642788, -0.766044, 0, 0.766044, -0.642788, 1, -2.80971e-08, -3.34849e-08, -15.3, 2.6, -2.2)
texture = ExtResource("6_j06cl")

[node name="Sprite3D5" type="Sprite3D" parent="Vegetation"]
transform = Transform3D(-4.37114e-08, -0.642788, -0.766044, 0, 0.766044, -0.642788, 1, -2.80971e-08, -3.34849e-08, -10.4639, 2.47681, 3.7)
texture = ExtResource("7_28x42")

[node name="Sprite3D8" type="Sprite3D" parent="Vegetation"]
transform = Transform3D(-4.37114e-08, -0.642788, -0.766044, 0, 0.766044, -0.642788, 1, -2.80971e-08, -3.34849e-08, 4.54455, 2.47681, 0.0445554)
material_override = SubResource("StandardMaterial3D_3cfjl")
texture = ExtResource("7_28x42")

[node name="Sprite3D6" type="Sprite3D" parent="Vegetation"]
transform = Transform3D(-4.37114e-08, -0.642788, -0.766044, 0, 0.766044, -0.642788, 1, -2.80971e-08, -3.34849e-08, -10, 2.6, -4.2)
texture = ExtResource("7_28x42")

[node name="Sprite3D7" type="Sprite3D" parent="Vegetation"]
transform = Transform3D(-1.96701e-08, -0.225, 0.389711, 0, 0.389711, 0.225, -0.45, 9.83506e-09, -1.70348e-08, 0.154918, 1.48647, 3.81171)
alpha_cut = 1
texture = ExtResource("7_veyk0")

[node name="Area3D" type="Area3D" parent="Vegetation/Sprite3D7"]
transform = Transform3D(1, -3.55271e-15, 0, -3.55271e-15, 1, 5.96046e-08, -7.10543e-15, -5.96046e-08, 1, 0, 0, 0)

[node name="CollisionShape3D" type="CollisionShape3D" parent="Vegetation/Sprite3D7/Area3D"]
transform = Transform3D(0.648877, -1.63358e-08, -2.51062e-09, 1.05062e-08, 0.632774, -0.217694, 1.05986e-08, 0.372836, 0.369469, -0.891447, -2.7554, -0.304324)
shape = SubResource("BoxShape3D_phgx4")

[node name="Sprite3D9" type="Sprite3D" parent="Vegetation"]
transform = Transform3D(-3.36737e-08, -0.476325, -0.770364, -2.08208e-08, 0.770364, -0.476325, 0.90573, 0, -3.95907e-08, 5.08767, 2.05936, 0.056078)
material_override = SubResource("StandardMaterial3D_nc405")
cast_shadow = 0
texture = ExtResource("7_28x42")

[node name="Spawner" parent="." instance=ExtResource("9_0s4fb")]

[connection signal="area_entered" from="Vegetation/Sprite3D7/Area3D" to="." method="_on_area_3d_area_entered"]
